,MAGEA1,MAGEA2,MAGEA2B,MAGEA3,MAGEA4,MAGEA5,MAGEA6,MAGEA7P,MAGEA8,MAGEA9,MAGEA9B,MAGEA10,MAGEA11,MAGEA12,MAGEB1,MAGEB2,MAGEB3,MAGEB4,MAGEB5,MAGEB6,MAGEB10,MAGEB16,MAGEB17,MAGEB18,MAGEC1,MAGEC2,MAGEC3,CSAG1,CSAG2,CSAG3,CSAG4,MAGED1,MAGED2,TRO,MAGED4,MAGED4B,MAGEE1,MAGEE2,MAGEF1,NSMCE3,MAGEH1,MAGEL2,TRIM28,NDN
MAGEA1,1.0,0.010229636515213606,0.017201145160995704,0.01873894346494843,0.018582064415108693,-0.02754596332139887,0.24269335953069915,-0.015193164015215727,-0.014442550856153686,0.014919521557762279,0.029291562023326063,0.020373077122335097,-0.01692250088373217,0.01770883723908741,0.018350028552228323,0.01177750700496457,-0.006672692729943933,-0.014793587778651043,-0.029621807349571642,-0.006174445318139982,-0.012437882565419717,-0.022835604566083793,0.0017716717621076592,-0.018425496566586506,-0.009256261950350264,0.026003612289602754,0.13230301009441106,0.02232133015689963,-0.029629500932553315,0.015294904751306997,0.015029719033203558,0.1822471962042065,0.18131931222992229,0.37131430845549007,0.6126282640183127,0.59539426502052,0.4921837173307883,0.033912021330057926,0.10357983745273047,0.09998797208992546,0.20183531524695078,-0.045428976843917224,0.017548530386519063,-0.08281262969435309
MAGEA2,0.010229636515213606,1.0,0.8209281996212601,0.7997588868614772,0.8482422179170689,0.5725203338077139,0.6733143547452624,-0.019037327869475186,0.3492769388144544,0.769075928702528,0.04049862618187,0.8604725994678445,0.036878449364809815,0.7443038068435498,0.8475969930852929,0.4578167296802933,0.31776503789241983,-0.02244444747159524,-0.038401993428823424,0.23321642816313667,0.2405616466639493,-0.028672338371547125,0.171630168932858,-0.024792150678761934,0.06564077106373174,0.8456289852766449,0.08310404806598261,0.7483001950368416,0.1392842279634583,0.8456707734048415,0.8196505498741241,-0.07115328197762126,-0.09932715453803226,-0.07052839192501209,-0.03260436921618732,-0.026091190416608696,-0.06442966282137519,-0.051268169229463874,0.024662469118228003,-0.11666735266886641,-0.06498341860011587,-0.05988008908597639,0.03511769362341705,-0.08922003068602766
MAGEA2B,0.017201145160995704,0.8209281996212601,1.0,0.9769071315180442,0.9673197720009884,0.6379007958110263,0.8287136551432412,-0.014306497583320588,0.27030562938759806,0.952147449250244,0.052438882913589176,0.9629042371087312,0.14275748040852412,0.9438254792303215,0.9720972859346673,0.5819783832955137,0.3677920132043736,-0.016866938244321762,-0.023919995894937575,0.3578905135882889,0.28204180774772797,-0.02154718048841367,0.2050246083257698,0.06713509106577539,0.26129655707359767,0.9614610166380558,-0.0018574010497785691,0.9463564080095509,0.19548292857810567,0.9697935074641528,0.9740717129549505,0.00856341916315839,-0.02910478354708837,-0.0433637273524006,-0.0463774322911911,-0.03198327624700701,-0.060821288877146225,-0.03602236285944473,0.03281092449748188,-0.08994689651543422,-0.049250968419631495,-0.05958530625265694,0.08043991095372982,-0.07870794623579906
MAGEA3,0.01873894346494843,0.7997588868614772,0.9769071315180442,1.0,0.9445620638903776,0.6314335321776261,0.8523499152670838,-0.014892469005787513,0.2597028991044106,0.9790697535207986,0.05037686635411019,0.9382991929562626,0.11336123631654563,0.9863037154506644,0.9531638886291349,0.6098983052017575,0.357563386431742,-0.017512400874343782,-0.028220888612849042,0.44046501440395996,0.27385980993103193,-0.010454554747068336,0.20522082032842662,0.1313136632513657,0.38015216546617325,0.9396214001051424,0.010064377639998371,0.9873395921929421,0.20339590828014675,0.9496137330491362,0.9764186360307644,0.03776432043003245,0.007108158029521845,-0.01696031441002877,-0.049758210336615434,-0.028044516429882385,-0.06192341169163181,-0.03790209813287435,0.027535766566475058,-0.10104901980287646,-0.04407323041395468,-0.06220631425978597,0.1209897877776289,-0.0879291954377423
MAGEA4,0.018582064415108693,0.8482422179170689,0.9673197720009884,0.9445620638903776,1.0,0.6569389005247995,0.7984478879262382,-0.01196395602207148,0.27496068022939085,0.9100759901402614,0.08912261512387891,0.9945857896919054,0.07894377181362884,0.882265547037669,0.9963093084695896,0.558079746237696,0.38231571222279176,-0.01459870290138818,-0.022781967762945336,0.28938993440388416,0.29438629778103237,-0.018467274098656193,0.20852151205204958,-0.009303046343048104,0.10048284449885121,0.9932191785168559,-0.0010648803500524944,0.8890071404409449,0.18837247860165324,0.9930307093257144,0.9669175323147099,-0.032307944350043645,-0.07472053836163634,-0.0696315901012893,-0.03842367897788026,-0.042416485079826496,-0.06016035679983403,-0.03507241411872392,0.050304637463112624,-0.08830014087027185,-0.062308964852114075,-0.04517013879276557,0.02365191455227031,-0.0768470373291153
MAGEA5,-0.02754596332139887,0.5725203338077139,0.6379007958110263,0.6314335321776261,0.6569389005247995,1.0,0.5184667060234776,-0.05577999103564576,0.2894626822319544,0.6169240577877105,0.09882920596441767,0.6721009531506341,0.010308083315574661,0.5917709339857233,0.6549390053164146,0.37038266858560714,0.3217751134193154,-0.07510930081715293,0.05420718370039315,0.2211907182069917,0.18405387268487083,-0.0007185796768998512,0.10095959362743544,-0.00294044550211675,0.06762215914629412,0.6553687639372888,0.07099688873662886,0.5917862573257268,0.14847719141141152,0.6556266029781854,0.6525866325650432,-0.037712152164489546,-0.08286236112258817,-0.10470676884082433,-0.04898190190680384,-0.07731750825600019,-0.15354246307310282,-0.09079351118187126,0.0276291256617309,-0.11380491602937212,-0.13665550110112565,-0.11224293956880453,0.0725456330878349,-0.13391132692407334
MAGEA6,0.24269335953069915,0.6733143547452624,0.8287136551432412,0.8523499152670838,0.7984478879262382,0.5184667060234776,1.0,-0.01808833300225271,0.2451496414923731,0.8333524891620249,0.0385921997638391,0.7934396076488599,0.09173775695013213,0.8412200659087579,0.8066389144495218,0.5215661180670147,0.29707323147381665,-0.021551678930358142,-0.035891688961017736,0.36920602785368434,0.22483104313118443,-0.019602005373321293,0.18183607086712336,0.11016427153849438,0.33707504113546644,0.7958883667123954,0.10603373672319011,0.844609163573226,0.1616905569470387,0.80159836574399,0.8276305081304781,0.0495164226265186,0.0320515440386366,-0.0178717029771674,0.013526722810864972,0.03331600166098907,0.03364624811396138,-0.026708084312734175,0.03604455234973389,-0.07115534348725515,0.05387184820496022,-0.05426274170866215,0.09969350957252335,-0.08490194800729524
MAGEA7P,-0.015193164015215727,-0.019037327869475186,-0.014306497583320588,-0.014892469005787513,-0.01196395602207148,-0.05577999103564576,-0.01808833300225271,1.0,0.03129771636078178,-0.0158858374123818,-0.01887345448073767,-0.008573257030192155,-0.0049392350828126015,-0.01695860557298464,-0.01281391158638013,0.0394012981320277,-0.023590924142661486,-0.02431370843529469,-0.02185753057357465,-0.021603525906879,-0.028146402472844497,-0.031060282335137416,0.007313220789683288,0.0501545302684507,-0.010193004218695153,-0.010089369729475552,-0.05709649247222484,-0.014906655871861187,-0.005387251350851751,-0.01642002854577385,-0.017045908359095797,0.17979414930316454,0.1675717055499846,-0.015168471476534353,0.03133289598810801,0.00461436994843789,0.11143485322904534,-0.05392647012815944,0.1564905454261419,0.05284905785329838,0.20131702513698993,-0.045218605910608854,-0.06417652886594444,-0.06678956165667649
MAGEA8,-0.014442550856153686,0.3492769388144544,0.27030562938759806,0.2597028991044106,0.27496068022939085,0.2894626822319544,0.2451496414923731,0.03129771636078178,1.0,0.24149673126673196,0.046601975794304966,0.30286035789804505,0.10159626076934941,0.2405893356565767,0.27692185551086523,0.3025362527168532,0.15480981533619342,-0.0530793524147768,-0.06064877996568399,0.0716035359991909,0.038049791890549974,0.015268667056423015,0.21820562638496674,0.010176627846937032,0.026582724059145944,0.27654480670972914,0.12968645197239465,0.23702301134441586,0.03451445536035276,0.2770151858435349,0.25589535500203947,0.0031103890234687854,0.01660085318785599,-0.07689293717622075,-0.04882887254300589,-0.09048913934105957,-0.049635291382844234,0.06882305035508192,0.15900935468084026,0.003622791845270759,-0.10722326791312796,-0.08992539418468697,0.22512243902972395,-0.10757181343697812
MAGEA9,0.014919521557762279,0.769075928702528,0.952147449250244,0.9790697535207986,0.9100759901402614,0.6169240577877105,0.8333524891620249,-0.0158858374123818,0.24149673126673196,1.0,0.04703440252321491,0.9028560821260799,0.11559321508697203,0.9760739636507988,0.9199633380585489,0.5933251952284683,0.342776447442724,-0.018728933271995755,-0.03204482415306852,0.41495572291288707,0.26166705680339736,-0.02392584236223222,0.1993208796134675,0.14049792139358672,0.41212693247488796,0.9021277015440035,0.0077928788257974994,0.9740081144606036,0.1976000877887804,0.9151826934279972,0.9640871275555299,0.03516909708252616,0.0071851981413363205,-0.010703182625901413,-0.04975984755916117,-0.03181978270205763,-0.06470198897141548,-0.039729789249583876,0.02835302122389121,-0.09884036426410092,-0.04570439730590024,-0.06598342418302389,0.12549760467720383,-0.09438995560019774
MAGEA9B,0.029291562023326063,0.04049862618187,0.052438882913589176,0.05037686635411019,0.08912261512387891,0.09882920596441767,0.0385921997638391,-0.01887345448073767,0.046601975794304966,0.04703440252321491,1.0,0.055924682028953725,0.48841101066082854,0.044411199232620595,0.08241538623572442,0.10533579227516378,0.0050855513925857675,-0.022251245584716497,-0.03807142892730279,0.00011787408347879194,-0.00481842270686331,-0.02842552677675873,0.04423002517054514,-0.02457873975398953,0.04071426464473371,0.06175712171401733,0.03497014253260832,0.043631735592704446,-0.019719853508278873,0.05391532804199505,0.05003014237486687,-0.04090325014869552,-0.0023048308012411887,0.016825143518456057,0.06252005431363034,0.016406013939412115,0.020706102432477447,0.01833378500404056,0.01770931508502556,-0.04849224252213419,-0.005687397771408575,-0.032344245829563356,-0.031558644237528924,-0.013298877317508007
MAGEA10,0.020373077122335097,0.8604725994678445,0.9629042371087312,0.9382991929562626,0.9945857896919054,0.6721009531506341,0.7934396076488599,-0.008573257030192155,0.30286035789804505,0.9028560821260799,0.055924682028953725,1.0,0.0482029596734698,0.8733960845560403,0.9938665145995442,0.5502152880706943,0.3842903010089948,-0.015304248530040547,-0.018686480510586027,0.28068369344994776,0.2933532826637605,-0.020270156476250828,0.20739069287867942,-0.014220306731601741,0.08364226471425713,0.9923453533377123,0.012864315793951614,0.8805106939076202,0.18822290866443867,0.9921428184952098,0.964044193574343,-0.047875236642680674,-0.089846818621099,-0.08663253660273831,-0.0412715567027814,-0.05544359878128977,-0.06805087406553266,-0.04505470344242229,0.05507716793039581,-0.09427832293533912,-0.07474558895963139,-0.05778951934218588,0.032702692827793214,-0.09299202986323822
MAGEA11,-0.01692250088373217,0.036878449364809815,0.14275748040852412,0.11336123631654563,0.07894377181362884,0.010308083315574661,0.09173775695013213,-0.0049392350828126015,0.10159626076934941,0.11559321508697203,0.48841101066082854,0.0482029596734698,1.0,0.13641986091374267,0.07420263098691396,0.5311436755490936,0.2142873626051681,-0.030493412775643935,-0.03758857335131743,0.14480579561254447,-0.013331435188063043,-0.01770582087440099,0.006497864865004885,0.07863634157078367,0.18124834644756113,0.05165732180899303,0.011205836563143202,0.1345942640592469,0.19293065399292827,0.07908881839091572,0.08527365103112107,0.057596683718337024,0.06208838157196637,0.025044685917131007,0.03412712222015265,0.03241844555957403,0.0175762681140273,0.012276846863600942,-0.012913966160215439,-0.014787205543408531,0.040229344642276926,-0.012533560367722053,0.013368271336613625,0.0059417934272729565
MAGEA12,0.01770883723908741,0.7443038068435498,0.9438254792303215,0.9863037154506644,0.882265547037669,0.5917709339857233,0.8412200659087579,-0.01695860557298464,0.2405893356565767,0.9760739636507988,0.044411199232620595,0.8733960845560403,0.13641986091374267,1.0,0.894786972577812,0.6089192865836761,0.3315401551013012,-0.01669009660629583,-0.030385131012195865,0.48711134862900135,0.2527506134515091,-0.010653301798975489,0.19473674348799797,0.19631807459728398,0.504992676459638,0.8729008635045868,0.012681671724168057,0.997517687237236,0.20467996816878647,0.8905419934130435,0.9437618100931863,0.07030023624974237,0.04802252371526936,0.015032870091775901,-0.05154700319846183,-0.014457889793859636,-0.05865635388006445,-0.03738174952716769,0.013629441130099658,-0.09814370019094847,-0.030984037567311624,-0.06587734870013762,0.16051923067152135,-0.0853545982417038
MAGEB1,0.018350028552228323,0.8475969930852929,0.9720972859346673,0.9531638886291349,0.9963093084695896,0.6549390053164146,0.8066389144495218,-0.01281391158638013,0.27692185551086523,0.9199633380585489,0.08241538623572442,0.9938665145995442,0.07420263098691396,0.894786972577812,1.0,0.5737731651368996,0.38114706904257006,-0.015107223423268326,-0.021070327371226473,0.3010970191264606,0.2932224410725274,-0.015050330162407482,0.20826068701149278,0.0015169334928089545,0.14219246934330593,0.995553925460639,-0.002436063027076791,0.9011008665891835,0.1976759738215746,0.9932493081264587,0.9732544419385692,-0.03508268613776238,-0.06683964133311479,-0.0663724239222781,-0.037689233721059014,-0.042004942596190246,-0.05394216608522285,-0.03697429060936685,0.04961564142018002,-0.08618340051350981,-0.0563946707369736,-0.0423651851989461,0.04724340319982979,-0.07917176284351765
MAGEB2,0.01177750700496457,0.4578167296802933,0.5819783832955137,0.6098983052017575,0.558079746237696,0.37038266858560714,0.5215661180670147,0.0394012981320277,0.3025362527168532,0.5933251952284683,0.10533579227516378,0.5502152880706943,0.5311436755490936,0.6089192865836761,0.5737731651368996,1.0,0.3838035732888487,-0.025264882697982653,-0.05076226415036517,0.3725410175024284,0.1452153823723107,0.0021180272517797145,0.1008684043912361,0.11114138645053388,0.3930325125144493,0.5706946733983764,0.02163069846984833,0.6118480780994046,0.3331069586382449,0.574161133017299,0.579699376365702,-0.0072262330464742995,-0.025482344886213558,-0.055430280442794286,-0.018846570268674007,-0.0015845292928285723,-0.06447206938444089,-0.05494031976463024,-0.007409234781554745,-0.0646556061529287,-0.06992108852398352,-0.07047144685726729,0.1707403551791057,-0.10679044377600717
MAGEB3,-0.006672692729943933,0.31776503789241983,0.3677920132043736,0.357563386431742,0.38231571222279176,0.3217751134193154,0.29707323147381665,-0.023590924142661486,0.15480981533619342,0.342776447442724,0.0050855513925857675,0.3842903010089948,0.2142873626051681,0.3315401551013012,0.38114706904257006,0.3838035732888487,1.0,0.18198952758951306,0.13895156420867402,0.09187865501370021,0.09055855310627607,0.09847801187732348,0.055419123742988075,-0.030722260498223453,0.013957332268272286,0.38074354961601337,-0.009351751069168189,0.3348577330690566,0.12933102969603585,0.3894132418702273,0.36523455246545117,-0.08973570901242395,-0.11854402342483346,-0.13774580085468144,-0.038718991779373976,-0.05516356909088937,-0.10114554289269032,-0.07009116848724051,-0.07538401549124765,-0.19195221069394977,-0.09721596334217622,-0.07432055607001986,-0.014958884329601428,-0.1585154626243946
MAGEB4,-0.014793587778651043,-0.02244444747159524,-0.016866938244321762,-0.017512400874343782,-0.01459870290138818,-0.07510930081715293,-0.021551678930358142,-0.02431370843529469,-0.0530793524147768,-0.018728933271995755,-0.022251245584716497,-0.015304248530040547,-0.030493412775643935,-0.01669009660629583,-0.015107223423268326,-0.025264882697982653,0.18198952758951306,1.0,-0.038520135078482724,-0.025469919189428772,-0.03318377747903713,0.05810878925519815,-0.03070311112837037,-0.031663536354481506,-0.008902235375454513,-0.013959672867395018,0.013777471066786907,-0.006253244771395381,0.007280750294096205,-0.018085529311726287,-0.0200966226665034,-0.04546436328113595,-0.061586320058776504,-0.025066478264832767,0.015265869111644795,0.05518888843751359,0.04228973217225539,0.027638518054901834,-0.048040218249986694,0.08085095978214367,0.018298768056186094,0.029834769491996573,0.04869157069511808,0.02168303656640196
MAGEB5,-0.029621807349571642,-0.038401993428823424,-0.023919995894937575,-0.028220888612849042,-0.022781967762945336,0.05420718370039315,-0.035891688961017736,-0.02185753057357465,-0.06064877996568399,-0.03204482415306852,-0.03807142892730279,-0.018686480510586027,-0.03758857335131743,-0.030385131012195865,-0.021070327371226473,-0.05076226415036517,0.13895156420867402,-0.038520135078482724,1.0,-0.02012191211655199,-0.015843653903846726,-0.06265463127542532,-0.03597038468417414,-0.034296828043644485,-0.04082879977197714,-0.023535231296215146,-0.014852193879912582,-0.025886682153846808,-0.05776976807941249,-0.021995292851108444,-0.018390560905889496,-0.013472980383949736,-0.05322019543293716,-0.0914361683870126,-0.04066183649597293,-0.046275655694393285,-0.050431220442616595,-0.08135468289217673,0.06896737343009203,-0.016635993303223715,-0.019633322981247963,-0.0889821223860523,-0.0900318351243767,-0.08617941837144387
MAGEB6,-0.006174445318139982,0.23321642816313667,0.3578905135882889,0.44046501440395996,0.28938993440388416,0.2211907182069917,0.36920602785368434,-0.021603525906879,0.0716035359991909,0.41495572291288707,0.00011787408347879194,0.28068369344994776,0.14480579561254447,0.48711134862900135,0.3010970191264606,0.3725410175024284,0.09187865501370021,-0.025469919189428772,-0.02012191211655199,1.0,0.09777338479680929,0.2220428000839989,0.06237200455515385,0.36914463944903625,0.5031283757955645,0.2894619048303462,0.03681319367127147,0.5070994480378735,0.07036579027038986,0.30489110412707343,0.360603540677442,0.1415039781522192,0.16153776335437098,0.05277886980050193,-0.06274175166692163,-0.009319052387407798,-0.044840318159995306,-0.024987446131263073,-0.018791325771611203,-0.08814643835337546,-0.019214160893350457,-0.04060515136669855,0.1300078470008619,-0.04541128991598672
MAGEB10,-0.012437882565419717,0.2405616466639493,0.28204180774772797,0.27385980993103193,0.29438629778103237,0.18405387268487083,0.22483104313118443,-0.028146402472844497,0.038049791890549974,0.26166705680339736,-0.00481842270686331,0.2933532826637605,-0.013331435188063043,0.2527506134515091,0.2932224410725274,0.1452153823723107,0.09055855310627607,-0.03318377747903713,-0.015843653903846726,0.09777338479680929,1.0,0.07228159940454242,0.03513547343317788,0.09736247320913557,0.0011328346741553692,0.29262792916932445,-0.03149044874536802,0.2568455580030991,0.016222096330032635,0.29175500786178504,0.2787553450692254,0.07174097824191177,0.08119832964461418,-0.016171848508936004,-0.07237003548014313,-0.03634059366629809,-0.041783570586661524,0.019312855047653336,-0.01509219952086943,-0.004034427320030797,0.030147062563695697,0.003896256813709287,0.09209874389315484,0.025435537117504993
MAGEB16,-0.022835604566083793,-0.028672338371547125,-0.02154718048841367,-0.010454554747068336,-0.018467274098656193,-0.0007185796768998512,-0.019602005373321293,-0.031060282335137416,0.015268667056423015,-0.02392584236223222,-0.02842552677675873,-0.020270156476250828,-0.01770582087440099,-0.010653301798975489,-0.015050330162407482,0.0021180272517797145,0.09847801187732348,0.05810878925519815,-0.06265463127542532,0.2220428000839989,0.07228159940454242,1.0,-0.03496527736197987,0.02610531033319332,0.05041659622209414,-0.014269598769877956,0.16325567640062083,0.0015238319986131993,-0.07289902686528861,0.002759001335808822,-0.005592725541207689,0.04093369254392008,0.03443725146170528,-0.05990369099538856,0.08956512780341172,0.05471599444681915,-0.04158085236926224,-0.00881458331968955,0.10610727852730514,0.016418359828184147,-0.03197587826410124,-0.053901549793778265,0.02525740826734938,-0.06772913154598771
MAGEB17,0.0017716717621076592,0.171630168932858,0.2050246083257698,0.20522082032842662,0.20852151205204958,0.10095959362743544,0.18183607086712336,0.007313220789683288,0.21820562638496674,0.1993208796134675,0.04423002517054514,0.20739069287867942,0.006497864865004885,0.19473674348799797,0.20826068701149278,0.1008684043912361,0.055419123742988075,-0.03070311112837037,-0.03597038468417414,0.06237200455515385,0.03513547343317788,-0.03496527736197987,1.0,-0.003009873021468028,0.03725721480656406,0.20553064913151733,0.19738789641527724,0.1920940155408525,0.0006613982115638359,0.20382022526317087,0.2034055694835166,0.3962418273366374,0.2778807540673867,0.1640205380555639,0.11174042920522452,-0.023300009467406995,0.2971963066172455,0.6361695775906852,0.4695266412938272,0.14954320553762646,0.08868351979341628,-0.07696694950744798,0.13286888988348178,-0.1306553999975623
MAGEB18,-0.018425496566586506,-0.024792150678761934,0.06713509106577539,0.1313136632513657,-0.009303046343048104,-0.00294044550211675,0.11016427153849438,0.0501545302684507,0.010176627846937032,0.14049792139358672,-0.02457873975398953,-0.014220306731601741,0.07863634157078367,0.19631807459728398,0.0015169334928089545,0.11114138645053388,-0.030722260498223453,-0.031663536354481506,-0.034296828043644485,0.36914463944903625,0.09736247320913557,0.02610531033319332,-0.003009873021468028,1.0,0.39152883461142135,-0.012008497414735458,-0.03698771355722509,0.19492437148890426,-0.01891795930171979,0.00018358666570675045,0.0637076589038961,0.1939123129689996,0.211642367998187,0.09644143981364775,0.018035676766077997,0.07439198097774277,0.05495443442570133,-0.004533646262592539,-0.0014276151622908868,-0.02795930418300766,0.15394738380885029,-0.019889476595672625,0.25317171921348747,-0.006995743298908566
MAGEC1,-0.009256261950350264,0.06564077106373174,0.26129655707359767,0.38015216546617325,0.10048284449885121,0.06762215914629412,0.33707504113546644,-0.010193004218695153,0.026582724059145944,0.41212693247488796,0.04071426464473371,0.08364226471425713,0.18124834644756113,0.504992676459638,0.14219246934330593,0.3930325125144493,0.013957332268272286,-0.008902235375454513,-0.04082879977197714,0.5031283757955645,0.0011328346741553692,0.05041659622209414,0.03725721480656406,0.39152883461142135,1.0,0.11676033028039688,0.029130540230008415,0.4890373421562737,0.11754340465424234,0.11879335970549576,0.2590892460990103,0.17774025920037625,0.2054358804957511,0.1127295817305636,-0.059909900835006906,0.026926797379759365,-0.025349508182088833,-0.034394874548126675,-0.07852214964412343,-0.04081940851196325,0.04183502187575417,-0.06582671860600206,0.35746130121226877,-0.05851769538232666
MAGEC2,0.026003612289602754,0.8456289852766449,0.9614610166380558,0.9396214001051424,0.9932191785168559,0.6553687639372888,0.7958883667123954,-0.010089369729475552,0.27654480670972914,0.9021277015440035,0.06175712171401733,0.9923453533377123,0.05165732180899303,0.8729008635045868,0.995553925460639,0.5706946733983764,0.38074354961601337,-0.013959672867395018,-0.023535231296215146,0.2894619048303462,0.29262792916932445,-0.014269598769877956,0.20553064913151733,-0.012008497414735458,0.11676033028039688,1.0,-0.0008307697972060359,0.8801109428447053,0.1897552598842032,0.9898749968589984,0.9623036128117197,-0.03615653254211097,-0.08149115657389229,-0.08007124828131355,-0.03572668992968021,-0.049397024956195,-0.055900295864681517,-0.037259612029107415,0.04869070082677691,-0.09178011829538106,-0.06203965968329382,-0.05155655126558515,0.04305914553976929,-0.08690234789160227
MAGEC3,0.13230301009441106,0.08310404806598261,-0.0018574010497785691,0.010064377639998371,-0.0010648803500524944,0.07099688873662886,0.10603373672319011,-0.05709649247222484,0.12968645197239465,0.0077928788257974994,0.03497014253260832,0.012864315793951614,0.011205836563143202,0.012681671724168057,-0.002436063027076791,0.02163069846984833,-0.009351751069168189,0.013777471066786907,-0.014852193879912582,0.03681319367127147,-0.03149044874536802,0.16325567640062083,0.19738789641527724,-0.03698771355722509,0.029130540230008415,-0.0008307697972060359,1.0,0.013121893249761976,-0.030815115721987762,-0.001422356534047636,0.0002240783776024458,0.24891889660264757,0.10422366748666598,0.09423587120692135,0.27184773040510685,0.16772088387429426,0.2073477485993234,0.20204320702133463,0.2199568535340103,0.054541754841190504,0.041537986413948354,0.012408388013518849,0.10775739611005915,-0.011523783971912104
CSAG1,0.02232133015689963,0.7483001950368416,0.9463564080095509,0.9873395921929421,0.8890071404409449,0.5917862573257268,0.844609163573226,-0.014906655871861187,0.23702301134441586,0.9740081144606036,0.043631735592704446,0.8805106939076202,0.1345942640592469,0.997517687237236,0.9011008665891835,0.6118480780994046,0.3348577330690566,-0.006253244771395381,-0.025886682153846808,0.5070994480378735,0.2568455580030991,0.0015238319986131993,0.1920940155408525,0.19492437148890426,0.4890373421562737,0.8801109428447053,0.013121893249761976,1.0,0.21886016136567704,0.8979404697684482,0.9457357982962673,0.07071956148296005,0.04935950052670931,0.01441378344239628,-0.04862736692802581,-0.01285436293544331,-0.05250268102186109,-0.037642745807630475,0.015290486847755781,-0.08593157846082305,-0.022266007513328773,-0.0638091658909262,0.15257549509958995,-0.07757083463036345
CSAG2,-0.029629500932553315,0.1392842279634583,0.19548292857810567,0.20339590828014675,0.18837247860165324,0.14847719141141152,0.1616905569470387,-0.005387251350851751,0.03451445536035276,0.1976000877887804,-0.019719853508278873,0.18822290866443867,0.19293065399292827,0.20467996816878647,0.1976759738215746,0.3331069586382449,0.12933102969603585,0.007280750294096205,-0.05776976807941249,0.07036579027038986,0.016222096330032635,-0.07289902686528861,0.0006613982115638359,-0.01891795930171979,0.11754340465424234,0.1897552598842032,-0.030815115721987762,0.21886016136567704,1.0,0.23643473686214808,0.192837492264804,-0.10324490949406287,-0.025357963850909698,-0.08346485963188768,-0.0931843407140853,-0.038040418238908004,-0.06690991953177451,-0.07945568705819087,-0.08634772675951188,0.011927394624629738,-0.049826144082524546,-0.0793100359789702,0.10744038998558937,-0.01955312506973448
CSAG3,0.015294904751306997,0.8456707734048415,0.9697935074641528,0.9496137330491362,0.9930307093257144,0.6556266029781854,0.80159836574399,-0.01642002854577385,0.2770151858435349,0.9151826934279972,0.05391532804199505,0.9921428184952098,0.07908881839091572,0.8905419934130435,0.9932493081264587,0.574161133017299,0.3894132418702273,-0.018085529311726287,-0.021995292851108444,0.30489110412707343,0.29175500786178504,0.002759001335808822,0.20382022526317087,0.00018358666570675045,0.11879335970549576,0.9898749968589984,-0.001422356534047636,0.8979404697684482,0.23643473686214808,1.0,0.9685406780396512,-0.03948422314823201,-0.07475550146176152,-0.07375789081456303,-0.046362297474631275,-0.05094627462969569,-0.06464662022424109,-0.03900428096807581,0.04115001374396091,-0.08873664800952952,-0.06895269979762376,-0.055354264777009145,0.02385557373587088,-0.08464306177930686
CSAG4,0.015029719033203558,0.8196505498741241,0.9740717129549505,0.9764186360307644,0.9669175323147099,0.6525866325650432,0.8276305081304781,-0.017045908359095797,0.25589535500203947,0.9640871275555299,0.05003014237486687,0.964044193574343,0.08527365103112107,0.9437618100931863,0.9732544419385692,0.579699376365702,0.36523455246545117,-0.0200966226665034,-0.018390560905889496,0.360603540677442,0.2787553450692254,-0.005592725541207689,0.2034055694835166,0.0637076589038961,0.2590892460990103,0.9623036128117197,0.0002240783776024458,0.9457357982962673,0.192837492264804,0.9685406780396512,1.0,0.009533243056005886,-0.03321063149010223,-0.048208166595963615,-0.03749654113188267,-0.036092163521247174,-0.06335299738287126,-0.03686010643264904,0.05860863872268076,-0.08293634241966177,-0.05000381832945961,-0.06391660710105472,0.07026795242655325,-0.09177388184521941
MAGED1,0.1822471962042065,-0.07115328197762126,0.00856341916315839,0.03776432043003245,-0.032307944350043645,-0.037712152164489546,0.0495164226265186,0.17979414930316454,0.0031103890234687854,0.03516909708252616,-0.04090325014869552,-0.047875236642680674,0.057596683718337024,0.07030023624974237,-0.03508268613776238,-0.0072262330464742995,-0.08973570901242395,-0.04546436328113595,-0.013472980383949736,0.1415039781522192,0.07174097824191177,0.04093369254392008,0.3962418273366374,0.1939123129689996,0.17774025920037625,-0.03615653254211097,0.24891889660264757,0.07071956148296005,-0.10324490949406287,-0.03948422314823201,0.009533243056005886,1.0,0.8326065846553002,0.5495411982669466,0.44127566537332974,0.4136468541216954,0.6227391235761249,0.5098844761074197,0.6105515308586155,0.4891454710943001,0.6104527397911378,0.3434012738581712,0.13356179484915967,0.32459482762969166
MAGED2,0.18131931222992229,-0.09932715453803226,-0.02910478354708837,0.007108158029521845,-0.07472053836163634,-0.08286236112258817,0.0320515440386366,0.1675717055499846,0.01660085318785599,0.0071851981413363205,-0.0023048308012411887,-0.089846818621099,0.06208838157196637,0.04802252371526936,-0.06683964133311479,-0.025482344886213558,-0.11854402342483346,-0.061586320058776504,-0.05322019543293716,0.16153776335437098,0.08119832964461418,0.03443725146170528,0.2778807540673867,0.211642367998187,0.2054358804957511,-0.08149115657389229,0.10422366748666598,0.04935950052670931,-0.025357963850909698,-0.07475550146176152,-0.03321063149010223,0.8326065846553002,1.0,0.6802177907119704,0.44686672518808285,0.5074254372021849,0.6685610726834665,0.4780258601861263,0.5169480418886392,0.5562771081483306,0.6994184881193055,0.5238650103286511,0.12288311571121426,0.4973280530423537
TRO,0.37131430845549007,-0.07052839192501209,-0.0433637273524006,-0.01696031441002877,-0.0696315901012893,-0.10470676884082433,-0.0178717029771674,-0.015168471476534353,-0.07689293717622075,-0.010703182625901413,0.016825143518456057,-0.08663253660273831,0.025044685917131007,0.015032870091775901,-0.0663724239222781,-0.055430280442794286,-0.13774580085468144,-0.025066478264832767,-0.0914361683870126,0.05277886980050193,-0.016171848508936004,-0.05990369099538856,0.1640205380555639,0.09644143981364775,0.1127295817305636,-0.08007124828131355,0.09423587120692135,0.01441378344239628,-0.08346485963188768,-0.07375789081456303,-0.048208166595963615,0.5495411982669466,0.6802177907119704,1.0,0.6251788442423134,0.6785801452183194,0.7296862724176614,0.4504122710151774,0.25990969291916466,0.5116638981076788,0.5810569286723731,0.6610279066805751,0.0033608433292661925,0.5972104681772992
MAGED4,0.6126282640183127,-0.03260436921618732,-0.0463774322911911,-0.049758210336615434,-0.03842367897788026,-0.04898190190680384,0.013526722810864972,0.03133289598810801,-0.04882887254300589,-0.04975984755916117,0.06252005431363034,-0.0412715567027814,0.03412712222015265,-0.05154700319846183,-0.037689233721059014,-0.018846570268674007,-0.038718991779373976,0.015265869111644795,-0.04066183649597293,-0.06274175166692163,-0.07237003548014313,0.08956512780341172,0.11174042920522452,0.018035676766077997,-0.059909900835006906,-0.03572668992968021,0.27184773040510685,-0.04862736692802581,-0.0931843407140853,-0.046362297474631275,-0.03749654113188267,0.44127566537332974,0.44686672518808285,0.6251788442423134,1.0,0.8208606823245689,0.7102084092117018,0.3218359477014494,0.3146883668228944,0.3500926493756143,0.4485627707650851,0.39323673882218624,0.029004629607899887,0.3106376687227215
MAGED4B,0.59539426502052,-0.026091190416608696,-0.03198327624700701,-0.028044516429882385,-0.042416485079826496,-0.07731750825600019,0.03331600166098907,0.00461436994843789,-0.09048913934105957,-0.03181978270205763,0.016406013939412115,-0.05544359878128977,0.03241844555957403,-0.014457889793859636,-0.042004942596190246,-0.0015845292928285723,-0.05516356909088937,0.05518888843751359,-0.046275655694393285,-0.009319052387407798,-0.03634059366629809,0.05471599444681915,-0.023300009467406995,0.07439198097774277,0.026926797379759365,-0.049397024956195,0.16772088387429426,-0.01285436293544331,-0.038040418238908004,-0.05094627462969569,-0.036092163521247174,0.4136468541216954,0.5074254372021849,0.6785801452183194,0.8208606823245689,1.0,0.6582568424588187,0.2143692176477873,0.27531902630409205,0.3307201346778852,0.47422993983512923,0.4641362886996064,0.03745622746875153,0.338008115231822
MAGEE1,0.4921837173307883,-0.06442966282137519,-0.060821288877146225,-0.06192341169163181,-0.06016035679983403,-0.15354246307310282,0.03364624811396138,0.11143485322904534,-0.049635291382844234,-0.06470198897141548,0.020706102432477447,-0.06805087406553266,0.0175762681140273,-0.05865635388006445,-0.05394216608522285,-0.06447206938444089,-0.10114554289269032,0.04228973217225539,-0.050431220442616595,-0.044840318159995306,-0.041783570586661524,-0.04158085236926224,0.2971963066172455,0.05495443442570133,-0.025349508182088833,-0.055900295864681517,0.2073477485993234,-0.05250268102186109,-0.06690991953177451,-0.06464662022424109,-0.06335299738287126,0.6227391235761249,0.6685610726834665,0.7296862724176614,0.7102084092117018,0.6582568424588187,1.0,0.5487586303108078,0.4649493722660681,0.5808170668463001,0.8193509655529119,0.4796578304637972,-0.051739268427178034,0.41300508334038816
MAGEE2,0.033912021330057926,-0.051268169229463874,-0.03602236285944473,-0.03790209813287435,-0.03507241411872392,-0.09079351118187126,-0.026708084312734175,-0.05392647012815944,0.06882305035508192,-0.039729789249583876,0.01833378500404056,-0.04505470344242229,0.012276846863600942,-0.03738174952716769,-0.03697429060936685,-0.05494031976463024,-0.07009116848724051,0.027638518054901834,-0.08135468289217673,-0.024987446131263073,0.019312855047653336,-0.00881458331968955,0.6361695775906852,-0.004533646262592539,-0.034394874548126675,-0.037259612029107415,0.20204320702133463,-0.037642745807630475,-0.07945568705819087,-0.03900428096807581,-0.03686010643264904,0.5098844761074197,0.4780258601861263,0.4504122710151774,0.3218359477014494,0.2143692176477873,0.5487586303108078,1.0,0.4806001990833867,0.4996876232578872,0.31170951637344874,0.3012221120542899,-0.04923316461910467,0.3745483554068884
MAGEF1,0.10357983745273047,0.024662469118228003,0.03281092449748188,0.027535766566475058,0.050304637463112624,0.0276291256617309,0.03604455234973389,0.1564905454261419,0.15900935468084026,0.02835302122389121,0.01770931508502556,0.05507716793039581,-0.012913966160215439,0.013629441130099658,0.04961564142018002,-0.007409234781554745,-0.07538401549124765,-0.048040218249986694,0.06896737343009203,-0.018791325771611203,-0.01509219952086943,0.10610727852730514,0.4695266412938272,-0.0014276151622908868,-0.07852214964412343,0.04869070082677691,0.2199568535340103,0.015290486847755781,-0.08634772675951188,0.04115001374396091,0.05860863872268076,0.6105515308586155,0.5169480418886392,0.25990969291916466,0.3146883668228944,0.27531902630409205,0.4649493722660681,0.4806001990833867,1.0,0.3761627504671904,0.35640083565052294,0.09253904481042909,0.2005835088141672,0.09214821032223888
NSMCE3,0.09998797208992546,-0.11666735266886641,-0.08994689651543422,-0.10104901980287646,-0.08830014087027185,-0.11380491602937212,-0.07115534348725515,0.05284905785329838,0.003622791845270759,-0.09884036426410092,-0.04849224252213419,-0.09427832293533912,-0.014787205543408531,-0.09814370019094847,-0.08618340051350981,-0.0646556061529287,-0.19195221069394977,0.08085095978214367,-0.016635993303223715,-0.08814643835337546,-0.004034427320030797,0.016418359828184147,0.14954320553762646,-0.02795930418300766,-0.04081940851196325,-0.09178011829538106,0.054541754841190504,-0.08593157846082305,0.011927394624629738,-0.08873664800952952,-0.08293634241966177,0.4891454710943001,0.5562771081483306,0.5116638981076788,0.3500926493756143,0.3307201346778852,0.5808170668463001,0.4996876232578872,0.3761627504671904,1.0,0.5534487894666781,0.5091917886920596,-0.015755199283616725,0.6693844857095718
MAGEH1,0.20183531524695078,-0.06498341860011587,-0.049250968419631495,-0.04407323041395468,-0.062308964852114075,-0.13665550110112565,0.05387184820496022,0.20131702513698993,-0.10722326791312796,-0.04570439730590024,-0.005687397771408575,-0.07474558895963139,0.040229344642276926,-0.030984037567311624,-0.0563946707369736,-0.06992108852398352,-0.09721596334217622,0.018298768056186094,-0.019633322981247963,-0.019214160893350457,0.030147062563695697,-0.03197587826410124,0.08868351979341628,0.15394738380885029,0.04183502187575417,-0.06203965968329382,0.041537986413948354,-0.022266007513328773,-0.049826144082524546,-0.06895269979762376,-0.05000381832945961,0.6104527397911378,0.6994184881193055,0.5810569286723731,0.4485627707650851,0.47422993983512923,0.8193509655529119,0.31170951637344874,0.35640083565052294,0.5534487894666781,1.0,0.47581062478335007,-0.10506229427621383,0.47361504191690745
MAGEL2,-0.045428976843917224,-0.05988008908597639,-0.05958530625265694,-0.06220631425978597,-0.04517013879276557,-0.11224293956880453,-0.05426274170866215,-0.045218605910608854,-0.08992539418468697,-0.06598342418302389,-0.032344245829563356,-0.05778951934218588,-0.012533560367722053,-0.06587734870013762,-0.0423651851989461,-0.07047144685726729,-0.07432055607001986,0.029834769491996573,-0.0889821223860523,-0.04060515136669855,0.003896256813709287,-0.053901549793778265,-0.07696694950744798,-0.019889476595672625,-0.06582671860600206,-0.05155655126558515,0.012408388013518849,-0.0638091658909262,-0.0793100359789702,-0.055354264777009145,-0.06391660710105472,0.3434012738581712,0.5238650103286511,0.6610279066805751,0.39323673882218624,0.4641362886996064,0.4796578304637972,0.3012221120542899,0.09253904481042909,0.5091917886920596,0.47581062478335007,1.0,-0.04945351235371268,0.7389377162917398
TRIM28,0.017548530386519063,0.03511769362341705,0.08043991095372982,0.1209897877776289,0.02365191455227031,0.0725456330878349,0.09969350957252335,-0.06417652886594444,0.22512243902972395,0.12549760467720383,-0.031558644237528924,0.032702692827793214,0.013368271336613625,0.16051923067152135,0.04724340319982979,0.1707403551791057,-0.014958884329601428,0.04869157069511808,-0.0900318351243767,0.1300078470008619,0.09209874389315484,0.02525740826734938,0.13286888988348178,0.25317171921348747,0.35746130121226877,0.04305914553976929,0.10775739611005915,0.15257549509958995,0.10744038998558937,0.02385557373587088,0.07026795242655325,0.13356179484915967,0.12288311571121426,0.0033608433292661925,0.029004629607899887,0.03745622746875153,-0.051739268427178034,-0.04923316461910467,0.2005835088141672,-0.015755199283616725,-0.10506229427621383,-0.04945351235371268,1.0,-0.060207653290296016
NDN,-0.08281262969435309,-0.08922003068602766,-0.07870794623579906,-0.0879291954377423,-0.0768470373291153,-0.13391132692407334,-0.08490194800729524,-0.06678956165667649,-0.10757181343697812,-0.09438995560019774,-0.013298877317508007,-0.09299202986323822,0.0059417934272729565,-0.0853545982417038,-0.07917176284351765,-0.10679044377600717,-0.1585154626243946,0.02168303656640196,-0.08617941837144387,-0.04541128991598672,0.025435537117504993,-0.06772913154598771,-0.1306553999975623,-0.006995743298908566,-0.05851769538232666,-0.08690234789160227,-0.011523783971912104,-0.07757083463036345,-0.01955312506973448,-0.08464306177930686,-0.09177388184521941,0.32459482762969166,0.4973280530423537,0.5972104681772992,0.3106376687227215,0.338008115231822,0.41300508334038816,0.3745483554068884,0.09214821032223888,0.6693844857095718,0.47361504191690745,0.7389377162917398,-0.060207653290296016,1.0
