,MAGEA1,MAGEA2,MAGEA2B,MAGEA3,MAGEA4,MAGEA5,MAGEA6,MAGEA7P,MAGEA8,MAGEA9,MAGEA9B,MAGEA10,MAGEA11,MAGEA12,MAGEB1,MAGEB2,MAGEB3,MAGEB4,MAGEB5,MAGEB6,MAGEB10,MAGEB16,MAGEB17,MAGEB18,MAGEC1,MAGEC2,MAGEC3,CSAG1,CSAG2,CSAG3,CSAG4,MAGED1,MAGED2,TRO,MAGED4,MAGED4B,MAGEE1,MAGEE2,MAGEF1,NSMCE3,MAGEH1,MAGEL2,TRIM28,NDN
MAGEA1,1.0,-0.024012904136364466,-0.041431136869389845,0.4366071240706872,-0.024012904136364463,-0.08836981107082509,0.47007842237371866,0.20689318708912544,-0.05476709209903327,-0.024012904136364463,-0.05938799782107595,-0.022572771325827166,-0.06935604679656249,-0.06356685348020205,-0.024012904136364477,0.07116500448719484,-0.024012904136364466,-0.07749067169613122,-0.04174073373579212,,-0.05421992896100114,,0.36032209397585635,-0.024012904136364463,0.2299597438502523,-0.03419864056043875,-0.09417495508893414,-0.035212760578510395,-0.024012904136364466,0.07439457138988328,-0.02401290413636446,-0.01647397083916938,-0.07433043142741008,-0.05267393973521392,-0.017023926202455388,-0.11386645179301422,0.0764334684733538,-0.04398409919293238,-0.012775579416269323,-0.11578842345040355,-0.06996690776984185,-0.03443033051908615,-0.09818553204443382,-0.10212534983270329
MAGEA2,-0.024012904136364466,1.0,-0.02654414901518126,-0.02699122302209496,-0.01538461538461539,-0.0566168734616705,-0.02688810033953657,-0.032346527816516604,0.05254155211061993,-0.015384615384615387,0.45735314561088997,-0.07779475356452535,-0.04443511282530131,0.08081582633074118,-0.015384615384615384,-0.06901045673874924,-0.015384615384615384,-0.04964681377855919,-0.026742501896067004,,-0.03473768722471823,,-0.09109490348510313,-0.015384615384615387,-0.043765178713441336,-0.021910424857870356,0.22126998990799743,-0.05097875616249705,-0.015384615384615389,-0.024539968959951468,-0.015384615384615389,0.09691532077516002,0.20770573297002123,0.14701447144187513,0.04626184787838758,0.0555710678927638,0.07841978249496336,0.2809620015668661,0.16274790086616703,0.13137174695652892,0.23016294942213258,0.10817291998194353,0.045148407436394505,0.18392777024830687
MAGEA2B,-0.041431136869389845,-0.02654414901518126,1.0,-0.0465698379900312,-0.02654414901518127,0.20914642945374026,-0.04639191323960727,0.26145828353780215,0.24388320394479368,-0.026544149015181255,-0.06564819710784743,0.08703552934479647,-0.07666699666217736,0.03838621624987101,-0.026544149015181262,0.3997029602905663,-0.02654414901518126,0.2045209347481092,-0.04614070209891806,,-0.059935352498819115,,-0.007932902528271734,-0.026544149015181255,0.09338733799144933,-0.03780358285686075,0.065184738245634,0.004085612557038904,-0.026544149015181248,-0.042340518538556846,-0.026544149015181262,-0.06276581826543856,-0.011616278958537665,-0.0017380864272457013,-0.07566564949090916,0.01773830325864916,-0.11484237563429148,-0.06901065899482094,-0.004350601839954879,-0.03400157799088251,-0.04879040116987403,-0.06097899758572924,0.12802479776660802,-0.015782259559660027
MAGEA3,0.4366071240706872,-0.02699122302209496,-0.0465698379900312,1.0,-0.02699122302209496,-0.09933031279714902,0.2633440967050577,-0.05674970250858987,-0.05391155903881351,-0.026991223022094956,-0.06675388719837848,-0.032275090804826434,-0.07795827261817789,-0.07145104604397631,-0.026991223022094966,0.28680389178955207,-0.02699122302209497,-0.08710183449717797,-0.046917834134960215,,-0.06094482310501965,,0.2270758412626686,-0.026991223022094956,0.31720738574514074,-0.038440295650096074,-0.0803436572122425,-0.013093026761838825,-0.026991223022094973,0.025288857964726925,-0.02699122302209495,0.10410857650177369,0.053649813472824805,0.10893256983025511,0.018631139121574984,0.07479389038091368,0.2095788420042871,0.12666401133346308,0.12930200017383475,0.004996160734454632,0.08829135612663565,0.17399059025856567,-0.006963229344559951,0.016047947411153538
MAGEA4,-0.024012904136364463,-0.01538461538461539,-0.02654414901518127,-0.02699122302209496,1.0,0.38478968158329635,-0.02688810033953654,-0.032346527816516604,-0.020356446030558535,-0.01538461538461538,-0.03804877160010007,0.008952090140794807,-0.0444351128253013,-0.04072608570997983,-0.015384615384615394,-0.06901045673874921,-0.015384615384615385,0.21498768883020494,-0.026742501896066993,,-0.03473768722471823,,-0.10745528218050655,-0.01538461538461538,-0.043765178713441336,-0.021910424857870342,-0.0848393297383054,-0.05097875616249702,-0.015384615384615385,-0.02453996895995145,-0.015384615384615363,-0.11007427232023077,-0.06682871174642332,-0.13890001388827222,-0.07094090452217307,-0.10639550767382731,-0.1469498486894609,-0.05858079474950883,-0.00638658288465212,-0.038724865962088885,-0.0983698113151152,-0.10879902616475483,0.1392706512197009,0.0025306559792244374
MAGEA5,-0.08836981107082509,-0.0566168734616705,0.20914642945374026,-0.09933031279714902,0.38478968158329635,1.0,-0.09895081134563562,-0.03566280321304723,-0.0886840713622296,-0.05661687346167049,-0.09056712146546958,0.28755035875031476,-0.08608831265934506,-0.07856968959047489,-0.056616873461670505,0.020312579137394617,-0.05661687346167049,0.15383558143063839,-0.09841499498337704,,-0.027010269563453537,,-0.23395428854905106,-0.05661687346167049,0.013191177368801089,-0.08063248385851653,-0.056413163130510154,-0.07830150255556693,-0.056616873461670505,-0.09030946062832813,0.4409446741536955,-0.16756294320025386,-0.08271371402682999,-0.2827149940941206,0.06410703595953902,-0.09158651037294194,-0.33622888173134247,-0.09455598977875705,0.01715187873049866,-0.08453298407500642,-0.20433902805716145,-0.1776356093149725,0.4208701973950669,0.02664362054023292
MAGEA6,0.47007842237371866,-0.02688810033953657,-0.04639191323960727,0.2633440967050577,-0.02688810033953654,-0.09895081134563562,1.0,-0.05653288456179705,0.15309756549286424,-0.02688810033953656,-0.06649884725767397,-0.13596395408261092,0.007059720714618741,-0.07117806013542272,-0.02688810033953655,-0.033951376536676944,-0.026888100339536578,-0.08676905317705205,-0.046738579830260245,,-0.060711977278007936,,0.21275665276806421,-0.02688810033953656,0.11697414895562702,0.34283238842001756,-0.12703003899719745,-0.08909692420732922,-0.026888100339536553,0.6785162049986478,-0.026888100339536536,-0.19115935908936746,-0.17876614805662303,-0.19615502274578092,-0.050731140530454466,-0.18595025059063705,0.04262069360558775,-0.15197692058224735,-0.13916700953441602,-0.026808023626257803,-0.14731935920216593,-0.12148309064661732,-0.09545044061529041,-0.1153398151226181
MAGEA7P,0.20689318708912544,-0.032346527816516604,0.26145828353780215,-0.05674970250858987,-0.032346527816516604,-0.03566280321304723,-0.05653288456179705,1.0,0.12315316467626697,-0.03234652781651659,-0.07999846718155003,-0.046871628916610654,-0.09342590484718807,-0.08562758517792057,-0.03234652781651661,-0.03625760210808014,-0.0323465278165166,-0.104383632787823,-0.05622676029518462,,-0.07303683179622705,,0.013698662729798606,-0.03234652781651659,0.15885480982944047,-0.046067200863892,-0.08081956120015388,-0.0244535186315666,-0.032346527816516604,-0.051595881257669056,-0.03234652781651658,-0.1332541441081313,-0.03937001943828883,-0.03781893948454665,0.007407773846040407,0.09844736917564217,-0.016845781537405076,-0.027471396478533784,-0.10403230972265422,-0.1172938499286577,-0.11117739555476322,-0.05872948496431795,-0.028416482977310593,-0.07710194159226245
MAGEA8,-0.05476709209903327,0.05254155211061993,0.24388320394479368,-0.05391155903881351,-0.020356446030558535,-0.0886840713622296,0.15309756549286424,0.12315316467626697,1.0,-0.04586377616408751,-0.08174953710050092,0.01970135719656459,0.07433376222827068,-0.027863963266964744,-0.07164987493295559,0.2462705463685168,-0.16880074434863707,-0.05666184133036592,0.10419614409347577,,-0.15643348000796728,,-0.120218696987316,-0.04586377616408751,0.18939929104369974,-0.15065479761871195,0.22741037996028277,0.2628016556624454,0.32601358337829134,0.40239685618947135,-0.16880074434863712,0.07816336091071265,0.28399935756313816,0.10108354652385008,0.19210006286007414,0.13848024542520773,0.37115951164130084,0.1016843305977283,0.27269955895353665,0.4995225823050203,0.30443541723143663,0.022189097466352874,0.3849332615662332,0.34641911625448085
MAGEA9,-0.024012904136364463,-0.015384615384615387,-0.026544149015181255,-0.026991223022094956,-0.01538461538461538,-0.05661687346167049,-0.02688810033953656,-0.03234652781651659,-0.04586377616408751,1.0,-0.03804877160010006,-0.07779475356452534,-0.0444351128253013,-0.04072608570997983,-0.01538461538461538,-0.06901045673874921,-0.015384615384615387,-0.049646813778559194,-0.026742501896067,,-0.03473768722471823,,0.028799288027348796,1.0,-0.04376517871344132,-0.021910424857870345,-0.04701403737611904,-0.012838858825220713,-0.015384615384615387,-0.024539968959951457,-0.015384615384615384,-0.09729405344090547,-0.12334281400651656,-0.08435751517449874,-0.07094090452217307,0.0736857506863957,-0.05507915144791729,-0.003558071724156384,-0.13177619649589759,-0.1286862653160424,-0.10796159939405787,-0.060152953378730334,-0.13700982626177,-0.1007658729623511
MAGEA9B,-0.05938799782107595,0.45735314561088997,-0.06564819710784743,-0.06675388719837848,-0.03804877160010007,-0.09056712146546958,-0.06649884725767397,-0.07999846718155003,-0.08174953710050092,-0.03804877160010006,1.0,-0.1522944943270961,-0.1098955948294468,0.07487729225608011,-0.03804877160010008,-0.1101258804216903,-0.03804877160010007,-0.12278501807865144,-0.06613875753281524,,-0.08591221126338616,,-0.08953859698668551,-0.038048771600100055,0.02703691379847753,-0.05418820882008716,0.003220044759732821,0.049073221153878126,-0.038048771600100055,-0.009611332387352706,-0.03804877160010005,0.19912756679471397,0.09926353017196028,0.14473958771734108,-0.011178409316465052,-0.0018039106134296614,0.034779710512684296,0.21316268989339202,0.03632411434848766,0.1363765802848821,0.1585559161857915,0.2602291261326115,-0.14944681640372848,0.09201963247808688
MAGEA10,-0.022572771325827166,-0.07779475356452535,0.08703552934479647,-0.032275090804826434,0.008952090140794807,0.28755035875031476,-0.13596395408261092,-0.046871628916610654,0.01970135719656459,-0.07779475356452534,-0.1522944943270961,1.0,-0.01635984301610984,-0.058750416658816085,0.03573567782861258,0.024971014219106424,-0.07779475356452535,-0.024934924673831734,-0.08238907725677032,,0.06001610257017835,,-0.20710566864079574,-0.07779475356452534,0.16748477585567575,-0.03299517329795433,-0.12724872685948943,0.03363815758407581,-0.07779475356452531,-0.12409025445183412,0.22641883196427023,0.06006729602753173,0.09613746227313832,0.00937650539778286,0.040178892088085755,0.01046980552818022,-0.03286172193307268,0.048319804712022345,0.16590212443873703,0.0301115480445335,0.027461208244647605,0.019853759357210583,0.30316537645236635,0.08679503781623066
MAGEA11,-0.06935604679656249,-0.04443511282530131,-0.07666699666217736,-0.07795827261817789,-0.0444351128253013,-0.08608831265934506,0.007059720714618741,-0.09342590484718807,0.07433376222827068,-0.0444351128253013,-0.1098955948294468,-0.01635984301610984,1.0,-0.0904502061346253,-0.04443511282530132,0.11111340565008726,-0.044435112825301305,0.18644128836390747,0.0866760915760311,,0.04722976286180237,,-0.14591210100596005,-0.0444351128253013,0.16268756179990967,0.05995195940884183,0.27255091874241805,0.011680823380787663,-0.04443511282530132,-0.058269893414391066,-0.0444351128253013,0.12347431396521007,0.08835427994965593,0.04555638293553322,-0.05531637333839689,-0.02343333018137006,0.15674066924301136,0.04465163316947097,0.05100311350130366,0.07337755755922945,0.15778011209591278,0.044255512851978186,0.0751173464394597,0.13629572688963604
MAGEA12,-0.06356685348020205,0.08081582633074118,0.03838621624987101,-0.07145104604397631,-0.04072608570997983,-0.07856968959047489,-0.07117806013542272,-0.08562758517792057,-0.027863963266964744,-0.04072608570997983,0.07487729225608011,-0.058750416658816085,-0.0904502061346253,1.0,-0.04072608570997981,-0.02459803439814474,0.8361574472330234,-0.03314874271908177,-0.031138492518324245,,-0.09195745177322243,,0.28624655841819646,-0.04072608570997982,-0.01620114481971862,-0.05800117964574052,-0.03213339881238007,0.28107003118847196,0.095133590838156,0.00856924120844403,-0.04072608570997983,0.16380520971529502,0.061070553268001024,0.1174209949567223,-0.07577521619426923,0.0036662010259542422,0.19108086070502553,0.12529906930283427,0.03604172676665664,0.11440410496741074,0.07768632410894247,0.20299286750246653,0.19821192539820995,0.08778043866323001
MAGEB1,-0.024012904136364477,-0.015384615384615384,-0.026544149015181262,-0.026991223022094966,-0.015384615384615394,-0.056616873461670505,-0.02688810033953655,-0.03234652781651661,-0.07164987493295559,-0.01538461538461538,-0.03804877160010008,0.03573567782861258,-0.04443511282530132,-0.04072608570997981,1.0,0.1393873352930534,-0.015384615384615387,-0.04964681377855919,-0.026742501896066997,,0.4277451352336239,,-0.07153968688995356,-0.01538461538461538,-0.043765178713441294,0.6738965974052323,0.027133555598762824,0.024302611880189784,-0.01538461538461539,-0.024539968959951464,-0.015384615384615372,0.20689129446770146,0.10085159081106655,0.019759502820571373,-0.07094090452217307,0.07155461153420374,-0.02707215619179271,-0.033092327465705854,-0.03380515021322017,0.053503148772013814,0.08441623147861128,0.10191344323277401,0.06256620256351113,0.06432137673494964
MAGEB2,0.07116500448719484,-0.06901045673874924,0.3997029602905663,0.28680389178955207,-0.06901045673874921,0.020312579137394617,-0.033951376536676944,-0.03625760210808014,0.2462705463685168,-0.06901045673874921,-0.1101258804216903,0.024971014219106424,0.11111340565008726,-0.02459803439814474,0.1393873352930534,1.0,-0.06901045673874923,0.18628013517834333,-0.11995829756198925,,0.05817051905494669,,-0.20576750095301075,-0.06901045673874923,-0.03447883359609931,0.04452445927116839,0.13520173016861214,0.09249767519154338,-0.0690104567387492,-0.061242020520558306,-0.0690104567387492,0.21103648895109273,0.24302733877283983,0.04477954842969178,-0.12974653468252403,-0.07949949935896708,0.06614459397520042,0.0933836888057143,0.253498562878409,0.19073527434075893,0.23386434130376055,0.09199471320975708,0.1963202522233693,0.27940931508931394
MAGEB3,-0.024012904136364466,-0.015384615384615384,-0.02654414901518126,-0.02699122302209497,-0.015384615384615385,-0.05661687346167049,-0.026888100339536578,-0.0323465278165166,-0.16880074434863707,-0.015384615384615387,-0.03804877160010007,-0.07779475356452535,-0.044435112825301305,0.8361574472330234,-0.015384615384615387,-0.06901045673874923,1.0,-0.04964681377855919,-0.026742501896067,,-0.03473768722471823,,0.4826418103352453,-0.015384615384615387,-0.043765178713441336,-0.021910424857870352,-0.08483932973830541,-0.050978756162497044,-0.015384615384615389,-0.024539968959951454,-0.015384615384615384,-0.09894095717261894,-0.17915332399737652,-0.07529634178983467,-0.07094090452217308,-0.10639550767382731,0.015439038453028457,-0.11046803172010758,-0.15875699040102498,-0.15789797738292324,-0.17932505653975042,0.02127255196561885,0.06188764495541673,-0.13054669352839549
MAGEB4,-0.07749067169613122,-0.04964681377855919,0.2045209347481092,-0.08710183449717797,0.21498768883020494,0.15383558143063839,-0.08676905317705205,-0.104383632787823,-0.05666184133036592,-0.049646813778559194,-0.12278501807865144,-0.024934924673831734,0.18644128836390747,-0.03314874271908177,-0.04964681377855919,0.18628013517834333,-0.04964681377855919,1.0,-0.08629920075444224,,-0.1121000067683223,,-0.06204679861834206,-0.049646813778559194,-0.14123210904215303,-0.0707058808773072,0.22799012622418352,0.0625373775342998,-0.049646813778559194,-0.07919153249061166,-0.04964681377855914,0.08771985801928069,0.15464036801018963,0.025327413103090557,-0.004014628564061924,-0.1349831529371639,0.09443245478391141,0.2336253789302048,0.1304124663844464,0.11852116967517735,0.19022281971257643,0.04805146486328767,0.05951092348337228,0.2744249479359734
MAGEB5,-0.04174073373579212,-0.026742501896067004,-0.04614070209891806,-0.046917834134960215,-0.026742501896066993,-0.09841499498337704,-0.046738579830260245,-0.05622676029518462,0.10419614409347577,-0.026742501896067,-0.06613875753281524,-0.08238907725677032,0.0866760915760311,-0.031138492518324245,-0.026742501896066997,-0.11995829756198925,-0.026742501896067,-0.08629920075444224,1.0,,-0.06038322332068059,,-0.15171864967596077,-0.026742501896066993,0.21967556832029445,-0.03808607258984003,0.460649698303182,-0.06616005930012965,-0.026742501896066997,-0.04265691081866028,-0.02674250189606699,-0.008228596608054053,0.1781745619704362,0.06808347584438572,0.01825695404632081,-0.13202186711816835,0.02569199300035034,0.004075225166479208,0.04106279979733908,0.10805662249166834,0.08850782411899882,-0.04607526422925333,0.04476794320795375,0.15736464723967553
MAGEB6,,,,,,,,,,,,,,,,,,,,,,,,,,,,,,,,,,,,,,,,,,,,
MAGEB10,-0.05421992896100114,-0.03473768722471823,-0.059935352498819115,-0.06094482310501965,-0.03473768722471823,-0.027010269563453537,-0.060711977278007936,-0.07303683179622705,-0.15643348000796728,-0.03473768722471823,-0.08591221126338616,0.06001610257017835,0.04722976286180237,-0.09195745177322243,0.4277451352336239,0.05817051905494669,-0.03473768722471823,-0.1121000067683223,-0.06038322332068059,,1.0,,0.05394721413413171,-0.034737687224718226,-0.09881957081629238,0.26745041964740124,0.081460381698004,-0.019493442023305683,-0.034737687224718226,-0.03281409340646132,-0.03473768722471819,0.11685845569066822,0.11564330739903955,0.2935130395413728,-0.10758620091760647,-0.08718312156836751,-0.0786805121157485,-0.05961472844316175,0.033842440957780266,0.023091199911702793,0.16458188143973485,0.0711101839279631,-0.034198371243317545,0.002002752607062895
MAGEB16,,,,,,,,,,,,,,,,,,,,,,,,,,,,,,,,,,,,,,,,,,,,
MAGEB17,0.36032209397585635,-0.09109490348510313,-0.007932902528271734,0.2270758412626686,-0.10745528218050655,-0.23395428854905106,0.21275665276806421,0.013698662729798606,-0.120218696987316,0.028799288027348796,-0.08953859698668551,-0.20710566864079574,-0.14591210100596005,0.28624655841819646,-0.07153968688995356,-0.20576750095301075,0.4826418103352453,-0.06204679861834206,-0.15171864967596077,,0.05394721413413171,,1.0,0.02879928802734879,0.10875440422891097,-0.04263405278567294,-0.29183565404590955,-0.15632893168227902,-0.016033766895462646,-0.033596173094144935,-0.04731509182594424,-0.33029391437148287,-0.43022154929713985,-0.06059517634412332,0.06281460620639569,-0.14036108415890833,-0.08372251352340813,-0.3094908432362717,-0.3347517936225475,-0.4055234365371539,-0.3484746876707329,-0.19942886136522664,-0.3648916827979079,-0.4630983690375759
MAGEB18,-0.024012904136364463,-0.015384615384615387,-0.026544149015181255,-0.026991223022094956,-0.01538461538461538,-0.05661687346167049,-0.02688810033953656,-0.03234652781651659,-0.04586377616408751,1.0,-0.038048771600100055,-0.07779475356452534,-0.0444351128253013,-0.04072608570997982,-0.01538461538461538,-0.06901045673874923,-0.015384615384615387,-0.049646813778559194,-0.026742501896066993,,-0.034737687224718226,,0.02879928802734879,1.0,-0.04376517871344132,-0.021910424857870345,-0.04701403737611904,-0.012838858825220713,-0.015384615384615387,-0.024539968959951457,-0.015384615384615384,-0.09729405344090547,-0.12334281400651656,-0.08435751517449874,-0.07094090452217307,0.0736857506863957,-0.05507915144791729,-0.003558071724156384,-0.13177619649589759,-0.1286862653160424,-0.10796159939405787,-0.060152953378730334,-0.13700982626177,-0.1007658729623511
MAGEC1,0.2299597438502523,-0.043765178713441336,0.09338733799144933,0.31720738574514074,-0.043765178713441336,0.013191177368801089,0.11697414895562702,0.15885480982944047,0.18939929104369974,-0.04376517871344132,0.02703691379847753,0.16748477585567575,0.16268756179990967,-0.01620114481971862,-0.043765178713441294,-0.03447883359609931,-0.043765178713441336,-0.14123210904215303,0.21967556832029445,,-0.09881957081629238,,0.10875440422891097,-0.04376517871344132,1.0,-0.062329387873487976,0.23234401663473928,0.026572844381302498,-0.043765178713441315,0.016539141351323637,0.2681162443441389,0.057690302475197804,0.07702674087497137,0.036876629596501696,0.0472240103864912,0.20496894942550903,0.25587319459095725,0.14570454524775295,0.023639739791135754,0.10432322720421497,0.08704697657280822,0.09499906944456105,0.15715188793754156,0.13038891267100425
MAGEC2,-0.03419864056043875,-0.021910424857870356,-0.03780358285686075,-0.038440295650096074,-0.021910424857870342,-0.08063248385851653,0.34283238842001756,-0.046067200863892,-0.15065479761871195,-0.021910424857870345,-0.05418820882008716,-0.03299517329795433,0.05995195940884183,-0.05800117964574052,0.6738965974052323,0.04452445927116839,-0.021910424857870352,-0.0707058808773072,-0.03808607258984003,,0.26745041964740124,,-0.04263405278567294,-0.021910424857870345,-0.062329387873487976,1.0,-0.044095232003470805,-0.0210151550055585,-0.021910424857870335,-0.03494927448424668,-0.02191042485787035,0.026506468214391767,-0.058082352885880116,-0.08301404201937204,-0.10103244826235776,-0.029583202473353803,-0.09866656740095345,-0.11818570188296061,-0.1867480097678541,-0.08058900764625812,-0.05824670759299347,0.018355415939034964,-0.12184770787340664,-0.05622022194749878
MAGEC3,-0.09417495508893414,0.22126998990799743,0.065184738245634,-0.0803436572122425,-0.0848393297383054,-0.056413163130510154,-0.12703003899719745,-0.08081956120015388,0.22741037996028277,-0.04701403737611904,0.003220044759732821,-0.12724872685948943,0.27255091874241805,-0.03213339881238007,0.027133555598762824,0.13520173016861214,-0.08483932973830541,0.22799012622418352,0.460649698303182,,0.081460381698004,,-0.29183565404590955,-0.04701403737611904,0.23234401663473928,-0.044095232003470805,1.0,0.009498139558422799,0.02926279391054153,-0.05555395401357458,-0.05978946724679126,0.3408059795628032,0.475931118837062,0.2454903649644858,-0.04402360345410593,0.1373478744895664,0.22929429519506025,0.3204006994924214,0.30924386339621884,0.48828587982808735,0.4918254928998499,0.21122791101214863,0.3009413371741856,0.6117953338485339
CSAG1,-0.035212760578510395,-0.05097875616249705,0.004085612557038904,-0.013093026761838825,-0.05097875616249702,-0.07830150255556693,-0.08909692420732922,-0.0244535186315666,0.2628016556624454,-0.012838858825220713,0.049073221153878126,0.03363815758407581,0.011680823380787663,0.28107003118847196,0.024302611880189784,0.09249767519154338,-0.050978756162497044,0.0625373775342998,-0.06616005930012965,,-0.019493442023305683,,-0.15632893168227902,-0.012838858825220713,0.026572844381302498,-0.0210151550055585,0.009498139558422799,1.0,0.7160125824368665,0.18079784640915053,-0.050978756162497064,0.18071503594881766,0.17157030558391034,0.08376707255509613,-0.01656308636479587,-0.08749925611303437,0.4134037767450854,0.11984766416593334,0.2590739988015159,0.4816060402183367,0.3047061795449456,0.1081337980751676,0.2636873591856992,0.13850279765105306
CSAG2,-0.024012904136364466,-0.015384615384615389,-0.026544149015181248,-0.026991223022094973,-0.015384615384615385,-0.056616873461670505,-0.026888100339536553,-0.032346527816516604,0.32601358337829134,-0.015384615384615387,-0.038048771600100055,-0.07779475356452531,-0.04443511282530132,0.095133590838156,-0.01538461538461539,-0.0690104567387492,-0.015384615384615389,-0.049646813778559194,-0.026742501896066997,,-0.034737687224718226,,-0.016033766895462646,-0.015384615384615387,-0.043765178713441315,-0.021910424857870335,0.02926279391054153,0.7160125824368665,1.0,0.24378328445844002,-0.015384615384615379,-0.11778006033604532,-0.06422980775226542,-0.1233418663921145,-0.07094090452217308,-0.10639550767382731,0.3030141335338894,-0.14278376702635778,0.06569810305149926,0.3891286109276467,0.12621510472598202,-0.12065541666457441,0.19591055928069884,-0.07564768793980456
CSAG3,0.07439457138988328,-0.024539968959951468,-0.042340518538556846,0.025288857964726925,-0.02453996895995145,-0.09030946062832813,0.6785162049986478,-0.051595881257669056,0.40239685618947135,-0.024539968959951457,-0.009611332387352706,-0.12409025445183412,-0.058269893414391066,0.00856924120844403,-0.024539968959951464,-0.061242020520558306,-0.024539968959951454,-0.07919153249061166,-0.04265691081866028,,-0.03281409340646132,,-0.033596173094144935,-0.024539968959951457,0.016539141351323637,-0.03494927448424668,-0.05555395401357458,0.18079784640915053,0.24378328445844002,1.0,-0.02453996895995148,-0.12451857711438588,-0.032486067443876276,-0.1393687494854622,0.0206563433205416,-0.1632338348964459,0.1796974093652419,-0.0812370823311608,0.029363601795609023,0.2870388098843309,0.02585038415443877,-0.10855231946812771,0.15163210292027457,0.006215074530282259
CSAG4,-0.02401290413636446,-0.015384615384615389,-0.026544149015181262,-0.02699122302209495,-0.015384615384615363,0.4409446741536955,-0.026888100339536536,-0.03234652781651658,-0.16880074434863712,-0.015384615384615384,-0.03804877160010005,0.22641883196427023,-0.0444351128253013,-0.04072608570997983,-0.015384615384615372,-0.0690104567387492,-0.015384615384615384,-0.04964681377855914,-0.02674250189606699,,-0.03473768722471819,,-0.04731509182594424,-0.015384615384615384,0.2681162443441389,-0.02191042485787035,-0.05978946724679126,-0.050978756162497064,-0.015384615384615379,-0.02453996895995148,1.0,-0.12058971037950969,-0.09662927846677796,-0.15513994261835215,-0.07094090452217315,0.012948284848924055,-0.20746477115751946,-0.12164452233463234,-0.04901296598081999,-0.07564055883629107,-0.11363498108347946,-0.12306156650130257,0.1525199520133768,-0.062347368854715556
MAGED1,-0.01647397083916938,0.09691532077516002,-0.06276581826543856,0.10410857650177369,-0.11007427232023077,-0.16756294320025386,-0.19115935908936746,-0.1332541441081313,0.07816336091071265,-0.09729405344090547,0.19912756679471397,0.06006729602753173,0.12347431396521007,0.16380520971529502,0.20689129446770146,0.21103648895109273,-0.09894095717261894,0.08771985801928069,-0.008228596608054053,,0.11685845569066822,,-0.33029391437148287,-0.09729405344090547,0.057690302475197804,0.026506468214391767,0.3408059795628032,0.18071503594881766,-0.11778006033604532,-0.12451857711438588,-0.12058971037950969,1.0,0.8380558173972262,0.706261297558874,0.05476002901310319,0.48791236438833063,0.5660464105157821,0.7083835578419287,0.7290006857488064,0.6543705881485349,0.8191098779341126,0.7830812487363656,0.42628745207374097,0.769707935890229
MAGED2,-0.07433043142741008,0.20770573297002123,-0.011616278958537665,0.053649813472824805,-0.06682871174642332,-0.08271371402682999,-0.17876614805662303,-0.03937001943828883,0.28399935756313816,-0.12334281400651656,0.09926353017196028,0.09613746227313832,0.08835427994965593,0.061070553268001024,0.10085159081106655,0.24302733877283983,-0.17915332399737652,0.15464036801018963,0.1781745619704362,,0.11564330739903955,,-0.43022154929713985,-0.12334281400651656,0.07702674087497137,-0.058082352885880116,0.475931118837062,0.17157030558391034,-0.06422980775226542,-0.032486067443876276,-0.09662927846677796,0.8380558173972262,1.0,0.760982584198259,0.1465909675374516,0.38509175107325744,0.5653713368110418,0.7503232374566066,0.8648094430722356,0.7927037196754106,0.9232935846635884,0.5767905602861194,0.49617608286690057,0.8497703739624564
TRO,-0.05267393973521392,0.14701447144187513,-0.0017380864272457013,0.10893256983025511,-0.13890001388827222,-0.2827149940941206,-0.19615502274578092,-0.03781893948454665,0.10108354652385008,-0.08435751517449874,0.14473958771734108,0.00937650539778286,0.04555638293553322,0.1174209949567223,0.019759502820571373,0.04477954842969178,-0.07529634178983467,0.025327413103090557,0.06808347584438572,,0.2935130395413728,,-0.06059517634412332,-0.08435751517449874,0.036876629596501696,-0.08301404201937204,0.2454903649644858,0.08376707255509613,-0.1233418663921145,-0.1393687494854622,-0.15513994261835215,0.706261297558874,0.760982584198259,1.0,0.08118650546877339,0.3614935916607566,0.5225735651353952,0.6702930857876574,0.580411319333326,0.5370581685452159,0.7762440874170919,0.6537522832500574,0.22528589949026762,0.5739871124141975
MAGED4,-0.017023926202455388,0.04626184787838758,-0.07566564949090916,0.018631139121574984,-0.07094090452217307,0.06410703595953902,-0.050731140530454466,0.007407773846040407,0.19210006286007414,-0.07094090452217307,-0.011178409316465052,0.040178892088085755,-0.05531637333839689,-0.07577521619426923,-0.07094090452217307,-0.12974653468252403,-0.07094090452217308,-0.004014628564061924,0.01825695404632081,,-0.10758620091760647,,0.06281460620639569,-0.07094090452217307,0.0472240103864912,-0.10103244826235776,-0.04402360345410593,-0.01656308636479587,-0.07094090452217308,0.0206563433205416,-0.07094090452217315,0.05476002901310319,0.1465909675374516,0.08118650546877339,1.0,0.13502475329148744,0.05651341478849354,0.14940766838498948,0.10713166039800438,0.0008903363126398788,0.046180527041283406,0.044883275989963535,0.004694569417034896,0.05802484163856081
MAGED4B,-0.11386645179301422,0.0555710678927638,0.01773830325864916,0.07479389038091368,-0.10639550767382731,-0.09158651037294194,-0.18595025059063705,0.09844736917564217,0.13848024542520773,0.0736857506863957,-0.0018039106134296614,0.01046980552818022,-0.02343333018137006,0.0036662010259542422,0.07155461153420374,-0.07949949935896708,-0.10639550767382731,-0.1349831529371639,-0.13202186711816835,,-0.08718312156836751,,-0.14036108415890833,0.0736857506863957,0.20496894942550903,-0.029583202473353803,0.1373478744895664,-0.08749925611303437,-0.10639550767382731,-0.1632338348964459,0.012948284848924055,0.48791236438833063,0.38509175107325744,0.3614935916607566,0.13502475329148744,1.0,0.3267217620703496,0.4101169375302131,0.34640645608492016,0.24566076816429322,0.344600430278978,0.4211941176492109,0.2007847144832138,0.3257685602809672
MAGEE1,0.0764334684733538,0.07841978249496336,-0.11484237563429148,0.2095788420042871,-0.1469498486894609,-0.33622888173134247,0.04262069360558775,-0.016845781537405076,0.37115951164130084,-0.05507915144791729,0.034779710512684296,-0.03286172193307268,0.15674066924301136,0.19108086070502553,-0.02707215619179271,0.06614459397520042,0.015439038453028457,0.09443245478391141,0.02569199300035034,,-0.0786805121157485,,-0.08372251352340813,-0.05507915144791729,0.25587319459095725,-0.09866656740095345,0.22929429519506025,0.4134037767450854,0.3030141335338894,0.1796974093652419,-0.20746477115751946,0.5660464105157821,0.5653713368110418,0.5225735651353952,0.05651341478849354,0.3267217620703496,1.0,0.6671849242055641,0.5517946354235809,0.6704350647493696,0.6718191566344571,0.624280051912475,0.4175587107015719,0.5702031481293056
MAGEE2,-0.04398409919293238,0.2809620015668661,-0.06901065899482094,0.12666401133346308,-0.05858079474950883,-0.09455598977875705,-0.15197692058224735,-0.027471396478533784,0.1016843305977283,-0.003558071724156384,0.21316268989339202,0.048319804712022345,0.04465163316947097,0.12529906930283427,-0.033092327465705854,0.0933836888057143,-0.11046803172010758,0.2336253789302048,0.004075225166479208,,-0.05961472844316175,,-0.3094908432362717,-0.003558071724156384,0.14570454524775295,-0.11818570188296061,0.3204006994924214,0.11984766416593334,-0.14278376702635778,-0.0812370823311608,-0.12164452233463234,0.7083835578419287,0.7503232374566066,0.6702930857876574,0.14940766838498948,0.4101169375302131,0.6671849242055641,1.0,0.5532243934055582,0.5810716636655299,0.7560531182468312,0.7002509801214369,0.3374281615456633,0.7908788666968869
MAGEF1,-0.012775579416269323,0.16274790086616703,-0.004350601839954879,0.12930200017383475,-0.00638658288465212,0.01715187873049866,-0.13916700953441602,-0.10403230972265422,0.27269955895353665,-0.13177619649589759,0.03632411434848766,0.16590212443873703,0.05100311350130366,0.03604172676665664,-0.03380515021322017,0.253498562878409,-0.15875699040102498,0.1304124663844464,0.04106279979733908,,0.033842440957780266,,-0.3347517936225475,-0.13177619649589759,0.023639739791135754,-0.1867480097678541,0.30924386339621884,0.2590739988015159,0.06569810305149926,0.029363601795609023,-0.04901296598081999,0.7290006857488064,0.8648094430722356,0.580411319333326,0.10713166039800438,0.34640645608492016,0.5517946354235809,0.5532243934055582,1.0,0.7706689448991719,0.8157382690565804,0.42815177998610543,0.5499965352123569,0.6768983667453427
NSMCE3,-0.11578842345040355,0.13137174695652892,-0.03400157799088251,0.004996160734454632,-0.038724865962088885,-0.08453298407500642,-0.026808023626257803,-0.1172938499286577,0.4995225823050203,-0.1286862653160424,0.1363765802848821,0.0301115480445335,0.07337755755922945,0.11440410496741074,0.053503148772013814,0.19073527434075893,-0.15789797738292324,0.11852116967517735,0.10805662249166834,,0.023091199911702793,,-0.4055234365371539,-0.1286862653160424,0.10432322720421497,-0.08058900764625812,0.48828587982808735,0.4816060402183367,0.3891286109276467,0.2870388098843309,-0.07564055883629107,0.6543705881485349,0.7927037196754106,0.5370581685452159,0.0008903363126398788,0.24566076816429322,0.6704350647493696,0.5810716636655299,0.7706689448991719,1.0,0.8726548491649581,0.4963293207159866,0.6042952401029651,0.7835498944444589
MAGEH1,-0.06996690776984185,0.23016294942213258,-0.04879040116987403,0.08829135612663565,-0.0983698113151152,-0.20433902805716145,-0.14731935920216593,-0.11117739555476322,0.30443541723143663,-0.10796159939405787,0.1585559161857915,0.027461208244647605,0.15778011209591278,0.07768632410894247,0.08441623147861128,0.23386434130376055,-0.17932505653975042,0.19022281971257643,0.08850782411899882,,0.16458188143973485,,-0.3484746876707329,-0.10796159939405787,0.08704697657280822,-0.05824670759299347,0.4918254928998499,0.3047061795449456,0.12621510472598202,0.02585038415443877,-0.11363498108347946,0.8191098779341126,0.9232935846635884,0.7762440874170919,0.046180527041283406,0.344600430278978,0.6718191566344571,0.7560531182468312,0.8157382690565804,0.8726548491649581,1.0,0.6371465601373592,0.4415383730911294,0.8441838900834665
MAGEL2,-0.03443033051908615,0.10817291998194353,-0.06097899758572924,0.17399059025856567,-0.10879902616475483,-0.1776356093149725,-0.12148309064661732,-0.05872948496431795,0.022189097466352874,-0.060152953378730334,0.2602291261326115,0.019853759357210583,0.044255512851978186,0.20299286750246653,0.10191344323277401,0.09199471320975708,0.02127255196561885,0.04805146486328767,-0.04607526422925333,,0.0711101839279631,,-0.19942886136522664,-0.060152953378730334,0.09499906944456105,0.018355415939034964,0.21122791101214863,0.1081337980751676,-0.12065541666457441,-0.10855231946812771,-0.12306156650130257,0.7830812487363656,0.5767905602861194,0.6537522832500574,0.044883275989963535,0.4211941176492109,0.624280051912475,0.7002509801214369,0.42815177998610543,0.4963293207159866,0.6371465601373592,1.0,0.3594314743459443,0.6520786473307034
TRIM28,-0.09818553204443382,0.045148407436394505,0.12802479776660802,-0.006963229344559951,0.1392706512197009,0.4208701973950669,-0.09545044061529041,-0.028416482977310593,0.3849332615662332,-0.13700982626177,-0.14944681640372848,0.30316537645236635,0.0751173464394597,0.19821192539820995,0.06256620256351113,0.1963202522233693,0.06188764495541673,0.05951092348337228,0.04476794320795375,,-0.034198371243317545,,-0.3648916827979079,-0.13700982626177,0.15715188793754156,-0.12184770787340664,0.3009413371741856,0.2636873591856992,0.19591055928069884,0.15163210292027457,0.1525199520133768,0.42628745207374097,0.49617608286690057,0.22528589949026762,0.004694569417034896,0.2007847144832138,0.4175587107015719,0.3374281615456633,0.5499965352123569,0.6042952401029651,0.4415383730911294,0.3594314743459443,1.0,0.5805819553916064
NDN,-0.10212534983270329,0.18392777024830687,-0.015782259559660027,0.016047947411153538,0.0025306559792244374,0.02664362054023292,-0.1153398151226181,-0.07710194159226245,0.34641911625448085,-0.1007658729623511,0.09201963247808688,0.08679503781623066,0.13629572688963604,0.08778043866323001,0.06432137673494964,0.27940931508931394,-0.13054669352839549,0.2744249479359734,0.15736464723967553,,0.002002752607062895,,-0.4630983690375759,-0.1007658729623511,0.13038891267100425,-0.05622022194749878,0.6117953338485339,0.13850279765105306,-0.07564768793980456,0.006215074530282259,-0.062347368854715556,0.769707935890229,0.8497703739624564,0.5739871124141975,0.05802484163856081,0.3257685602809672,0.5702031481293056,0.7908788666968869,0.6768983667453427,0.7835498944444589,0.8441838900834665,0.6520786473307034,0.5805819553916064,1.0
